Best fit parameters are :
H0 = 68.24735666652363 +/- 1.187218256305278
ombh2 = 0.022364409137958098 +/- 0.00022925788292985978
omch2 = 0.11765632819493432 +/- 0.0026551966320841895
tau = 0.0854208365758012 +/- 0.034173883954142954
As = 2.2192121552240766e-09 +/- 1.432973144133891e-10
ns = 0.9730736805867614 +/- 0.006570253043921322
